1998
1992
1990
2013
2015
2011
2011
1999
2015
2015
2010
2009
2009
2013
2007
1993
1991
2008
2001
2017
2004
2010
1995
2003
2014
2007
1992
2016
1997
1999
2009
1997
1998
2010
1993
1993
1998
2017
2002
2012
2004
1996
1997
1992
2013
2012
2006
2009
2014
2010
2016
1999
1996
2003
2015
1991
1991
2012
1999
2009
1991
1990
2004
1995
2006
2001
1999
1990
1992
1996
2006
2010
1995
1999
199820072017201420131990200219932000200820071995199020142005200719932006200120041995201419922016199320031994200320021990200320061998200420152002199920132011199719992008199920071994201420152003199419961994201219991993201420032014201020112013199519992007201120152000201619912004200520171990199720071999200719961991201520002007201220081998200820042000200719941992199420032012200620032004200020132013200720071999199519922008201219921997200519941993201419901998199620012009200520122010201519991999200619972015201619942003199420141993199620121994199720162006201420162012201520052001200120112001201019992003200519992005201619981992199120111992200320161992